’ 9999999999 99 ’

9999999999 9999 99 βώλωντᾳλ 99 999999
9999999999 99999 3533 533 9999999μῶ9999 ες -
99999999 3333st 9999999999 9999 535 Λλ,
9999999 ,99999991999999999 99999999,
19λεί999. ’,999 ’99” 999 534 333 λ99999999
99999, 9999 99λ9 9999999999 9999999999
33 53 999 533 999999 99999 3333533545 3333
'53 99999999, 9999999 9999999999, 9999999999
999, 999 99 999999 ‚5333 99999999, 99999999
3333333 351335333533333'3553353 ²

999999, μήτε 9999999999 99, ’9999999999 ·

999999 99999 9999999 3373 999, λς’ 9999999 999999
33 3333 ,
λε’.· Τ999” 9999399999 Θ99999999λ
3 53 30 9999999999 333,- 99399999λῖ 99
333 9999999999 9999 ,39999 5359 99999 . Ι
’9999ξί999 33 99999 9999 9999999999 999 Πελλ
9999999999* 9999999999 99 3333 333
9999 *999 3333 99 9999999 333
, 99999999, 9999 999 ,999 3333333
λλ 3’3 3333· λλ 999 ,99999999
G 2 '

 

